4141983
17105472
589436
655065
590503
354155
74858806
80204627
35117642
71647734
34201294
34002388
17105629
35466861
12732327
77299491
1534390
35338099
12727100
138536374
36163788
11587574
12723839
79172111
34990272
4926828
6671257
1923007
10788920
12728348
35654319
34068729
11576945
12747011
35596618
11579246
2480677
7517535
2494883
2480692
2494884
2494885
8375
6685190
7551758
2982846
11205896
2405861
12135327
11205897
7520502
6702037
4422953
67932664
6676789
883058
7526552
11205899
6691091
35256256
34172643
34743561
1538881
7413471
35728568
1890946
736756
2842586
1445575
4655628
2044399
2044400
4655631
4655633
10749763
964574
10889634
10789210
6588207
7528182
6689864
4655635
4655636
6696927
7524818
2312154
4488004
1562217
6679568
10889635
6656912
7532173
4655640
7524851
4655646
11208932
4655647
1325261
4655648
1329978
1536115
9662943
9662962
9659879
7521111
7521123
6656550
6680944
6681460
6659968
2031478
6670378
2872078
2147777
6680876
1325263
7538938
10889641
1570815
7519747
6588215
4655650
7542924
10889642
10889643
10889644
10789214
10749765
4655506
10789215
2025595
973526
12140090
727726
2220253
2630392
1486091
1352082
1486093
1486094
1564970
2630395
2821246
12402629
1385912
2630400
1486096
11209915
11209916
7556006
2821239
2630406
4649954
12141628
12132602
12750634
2630390
57316908
11209920
12133604
11209921
7515320
7541218
7517923
2422136
2422137
11209928
2821296
2630431
61765613
61765615
2821295
79908654
2821293
11209932
12036585
6699731
6699841
11209933
12726084
6668604
34289700
2821288
61765618
34840702
2821285
2797540
1858600
1194259
12725081
1675356
1194286
1205484
1194273
2797543
1194271
1209251
1194270
1194269
1194267
1194265
1194263
1026567
1026566
1194284
2126077
1194283
1194282
1194281
1194278
1194277
1776012
61765646
34723450
9424977
1380995
12137231
34376163
12737564
7549792
11584611
9425081
34020954
3101340
34874247
1870676
34579341
3101341
3101339
34361149
11209943
3101337
3101336
2613499
12740789
2815765
2613498
61765650
2613497
2568953
2815764
61765651
2613496
2568952
2815757
2568956
2568957
2568958
11209948
2568960
2815753
2815752
2613494
2568961
1460943
1432639
1460942
1460940
2815749
2815748
2012697
2613500
2815747
990871
6661921
6687024
6699744
10889947
11209950
2613508
2613507
2613505
2613504
1841499
7531118
11209951
11209952
10789336
1993709
2613503
1599339
1599337
1599335
2815781
1841493
2613480
2815778
1961767
1072882
2815775
4366274
2613476
1460939
1824530
4650133
1903372
1599334
2815767
2613473
290697
11209960
1838662
2590943
10789338
11209961
290703
290702
7532281
11209963
10789339
11209964
2590942
7549534
6673910
2492971
10889950
10889951
4649955
2815766
10889952
2797104
6424469
6424470
2166314
2422221
980243
1445582
782257
1445581
992956
1373914
1373913
6424471
1084441
1084440
1084439
1596762
7531797
12035943
782240
1822977
2121056
782239
7534013
4649956
12026130
10889955
11209968
782252
2422222
7535539
782246
782245
11209969
782244
782243
782242
2121055
12759396
782221
4650138
782219
4650139
782218
61771778
7523080
1838658
12035763
1664410
782237
782236
10889956
1822981
949773
1807758
7530496
10889957
10493498
796698
7536869
10789340
7550173
11209972
782214
782212
782211
12033462
782210
707444
4649957
1822979
782208
782207
813004
10889958
12566027
10889993
662655
2841192
12129942
940917
7546928
1917881
2901713
1525979
1525978
10889994
12066492
7519251
6424496
6657272
11210077
1525996
11210080
940918
11210082
12565252
1405051
6679116
6689491
6657082
11210084
11210085
1464952
10889997
12727364
7523396
7525762
7529752
9970090
4330880
4579707
4526565
4271155
4272573
7536364
6424507
4589057
4584349
12122377
4269731
11210099
7516673
11210100
6667006
6667756
4233093
12724536
12042865
11577664
7528791
7540420
12025473
11803263
66820357
6694433
6657069
12044276
12405997
11210103
4233096
12137741
12118981
7516446
4298682
34477433
4344273
12118352
12097442
12126618
12119161
11210105
4592217
4559446
6424508
10889999
11210108
12134234
12127938
12131876
12143820
11210111
4604650
4491023
11210112
12410787
6690611
6657470
12021955
12022006
12409227
12037227
34631243
11210114
7554291
11210115
7519995
6693460
7526372
7552256
9919151
11210117
11210118
4649975
11210119
7525662
7528197
7528312
11210120
4649976
4614208
12755125
12134194
6680104
12409116
11210121
35493511
35967561
35449387
12759558
4650177
4650178
4650180
4650181
61773609
35312548
11589392
34535929
55859451
56193390
55954633
56224832
55834926
7542203
7549892
7549985
12139090
139705609
79767231
137948505
76588403
12407930
12409235
12748358
12409265
12402991
11811400
4623647
6681060
12142184
12138265
12123391
12145685
12142252
12138301
12138334
12145800
12142377
12142414
12139217
4650182
12046843
4650183
7543704
7512691
7543826
7555449
12731600
12752404
12141451
12126658
6424510
6424511
6424512
6424513
7550849
6424514
7516218
4649977
4649978
12120198
12127823
12120282
4649979
4233097
4233098
4495635
4562575
4498756
4295841
4297242
4500267
79042555
11210122
10890005
10890006
7517842
4358996
4350157
7551726
4310400
4292907
11210123
11210124
12141350
12127236
7532052
12127301
4512593
4128552
4128551
4307522
12120935
11210125
11210126
12122055
12033354
4130885
6696689
4425940
4603080
4233101
11210127
4233103
4650188
11210128
6662171
6690119
4622012
4469676
4477222
4355999
4263954
12724780
4543746
61628231
12130289
4622015
4433341
4306085
12135546
7524355
11210139
7526981
4520373
6676166
6664103
6681999
12131201
4427361
4428835
7547148
12137042
12118367
12137150
28589838
34459928
12042085
4582739
12138397
12119633
12725886
11210141
12142471
12407163
4366276
4634854
4564089
12121084
12143587
11210143
4391625
11590930
60273785
57852356
4268306
11576269
4570373
10890008
4593761
4571921
4452995
7552761
6424521
34193223
10789355
12724133
3998
4341323
61767607
4449980
4356000
4353041
11210144
12729077
4454487
7417820
4633240
4454488
4369180
4633241
10399932
12144988
10399828
12118804
4465150
34219974
61766375
68122083
113740867
112959438
113170171
12240100
113550080
61766376
76171142
11210146
7528238
11210147
11210153
11210154
7523754
35446706
6672279
11210158
11210159
4579710
4294371
6664120
6687721
6666765
11210160
11210161
11210162
11210163
12742692
11210164
6686255
6671028
6694634
6697098
6674333
6674404
6700625
4537504
11210165
12128855
6684331
6699861
12136496
12122520
4593762
4492565
4650193
11210166
4650194
11210167
11589897
11582461
11210168
11210170
4650195
10890011
4650196
35133930
6695455
6695460
6658012
6683380
6698500
10890012
10890013
10890014
10890015
10749815
12124553
34719239
34868208
34956095
36051652
36053729
35286654
12059553
12037338
12126688
6657881
6657885
4650197
10789358
61765597
61765598
67437638
4592219
4503305
10890016
35578487
35209284
34548060
12137298
35350320
6703953
11210172
4601539
12087611
4641264
4607818
4578169
7514409
11210174
7545548
10749816
10789359
12133935
4274014
12034885
4650199
4650200
4649981
11210176
12142152
11210177
12069039
10789360
10789361
7514832
10890017
4272574
12142986
12132090
10890018
11210179
10890019
6424532
6424533
6424535
6424536
7522520
11210180
11210181
4650201
12140625
12044445
11210182
28585577
10789363
10890020
10890021
6692884
13376454
11806728
12092858
4288548
4475699
4261072
7518008
11210184
4129350
7533366
8179409
6697023
6675954
6684541
6684841
4650205
12404978
6682579
11210185
57578100
11210186
11210187
4650206
4074990
12136984
11210188
6672818
61765637
4571923
12759031
10890025
12077046
11210191
11210193
6684341
7513593
11210195
12044218
11210196
10890029
12142515
7549372
10890030
4463622
6424544
7523734
7523829
35641559
12049376
7555507
7522217
7532462
12023347
12129573
1923240
2180945
35851404
2224494
10890031
10890032
12737087
12564425
1923204
12036558
3845343
6684973
1120980
10789368
10493515
1160682
12033140
1923217
911493
2340402
12027939
12406253
1923225
1923226
11210218
7546305
12718437
10493517
10493518
1338650
11210232
1885250
1885251
1923243
1316718
11210235
11210236
10465868
10465869
12044316
7553998
4557913
1361244
1338656
11210237
4354497
1416274
7521446
7519030
61765511
61765512
61765513
4998957
4636406
1538375
1538376
1416266
4406595
1338647
1338648
1338649
12569115
12562533
12565386
56060088
12028720
7528128
11210239
11210241
6672225
6669843
11210242
11210243
11210244
1572668
11210247
35101879
4369181
2095794
12033505
6679389
4287126
4113049
4113050
12747728
11210251
12037168
12039430
11210257
11210259
4361942
12754690
11210261
11210263
12239956
7513375
1021756
11210266
7416650
2173735
12742409
12026485
61605983
2341392
1338653
11210276
12048330
7520239
7551153
10890046
10890047
1604348
1501482
12033289
1360243
12026912
7542499
978433
1854643
1854644
6694107
12025606
12029032
7542794
1411282
11210300
10890054
7540134
2134094
1604352
1576437
6424554
1576436
10157198
1952645
1576428
1576427
10890063
1952643
7524524
12046068
1576426
1329981
10913112
12030638
12023976
35846379
12040241
10913128
10494498
6673760
34215167
12047295
3748618
12039741
12042918
12409108
12755507
4526571
12024295
10753123
10913160
12031733
2759663
12118513
11583319
6702421
35939830
12141028
4512681
10737693
6682968
16841842
2488389
12117045
12131588
2477077
2488397
2488398
16841904
2488401
16841912
17641524
1539414
12123169
12134279
55772859
7592120
62188629
6732724
7586277
62188630
2111592
1263686
1263674
72968228
1268864
17219514
1920049
10221711
723305
56404650
10211041
10187826
12617897
7557813
1990777
972189
2216375
759663
55897719
62182991
35444377
62183021
7601502
72948506
62183023
61079605
7600261
62183031
148923907
7617480
13084037
9831648
34890793
7629322
9869120
1491983
4241405
11130211
12637313
2029591
1463728
7621797
9851930
7637711
11130820
9816087
11130821
9846073
1980311
1980310
1980309
1980308
1554599
141954845
7432943
4688354
4605537
9850114
12492551
6809031
9831249
6445200
6785875
815717
843812
815709
815710
863635
815715
76954012
6783233
66511648
11711127
73182462
73182464
73163706
185393456
55707511
73163713
73163715
73163717
73163719
4688064
6792102
73163726
73163732
73163739
7432631
34889950
73163755
7427162
73163774
11710605
73163777
73163779
73163781
35905683
143914731
73163783
73163784
6791692
6778857
17665813
4687901
73163796
11716966
7617580
73183039
6766743
6791342
73168303
73168305
17666058
17722625
73168370
6765305
4688071
1563438
1610148
75643565
73168399
73168400
6438430
55958423
73168402
7643173
73176600
73176601
17722965
17722976
11712259
56401741
73178510
7627393
7620036
7632354
67038230
11709110
17723244
1499969
17723301
17667088
73178528
150286020
56057526
58624759
73185909
73185917
73185925
17724734
73185928
55989628
7619072
699927
7636974
9838399
7430565
28820925
12631196
3099439
247910
349588
349586
168388
1561780
7716818
4703300
2896539
2963222
1372502
1899386
964040
2963227
1442114
1530303
4510551
2403304
35949602
13162928
13181679
13166408
55649128
13177473
1372504
1583953
72776989
768792
1372500
2028526
876393
876392
1442111
2919955
920623
76025409
13166522
4235642
10040923
67909927
10464007
7706513
13165289
11747766
13187104
11958220
11747125
4703307
79997868
11955377
969397
35319957
1363098
6870957
1582419
4515268
1363097
1363096
7731266
4482879
4703040
6869862
1592757
6867409
2193933
1592756
1592755
7706353
4438849
4320234
1833514
4521446
6596578
6874138
10064425
10059133
1421669
6865511
1421668
6891820
12659431
12657531
12658007
12658451
12658019
12658032
12659965
11242522
11242523
12515429
17156671
2403284
7703746
1421667
2032790
1421666
4295362
959857
768905
62362442
62362443
10071115
10078807
11738191
11738197
13172611
13158494
1363106
1421665
13177365
10053368
10053371
10054977
10073929
12658276
10479296
10479297
7710489
7723509
62362459
35792668
35207728
10477834
1363105
1363104
1363102
10072579
10072849
10057459
10057469
67597604
10052804
10059643
254011
254013
445578
2447838
2431112
2447832
254035
1592754
12187898
12187903
254027
1363101
10455065
10455066
2018142
254025
254024
2431109
2161097
1363100
2112163
2447828
2431108
2447827
254020
173823
254023
171697
254045
77960
185260
30266
33817
40465
416223
325485
325481
191800971
325500
325501
325502
325506
21126
396755
410915
12055234
325521
325523
325528
161645
35841922
6421926
60271
323509
79278845
13171007
13172864
9314050
10476489
4441893
7446573
7446574
7442891
7447460
4532381
6892804
6868116
6868125
7732352
7713037
13357731
13358668
7716948
7718204
7704022
7717252
4481363
6869136
6869299
6556800
6556801
7714851
6556802
9791143
4563645
4566816
13173196
6896348
35172582
9885469
7711961
4596404
4286698
4434398
4077277
4077278
4339373
7725011
4346787
7705171
4543289
4552634
10035449
7721129
7725715
7727318
10434704
4362959
1421715
6878588
6873557
11957630
11135349
10045971
10035627
10475748
1363118
6556810
6556811
11952053
9314055
9314056
9314057
10476497
1024996
12187834
2861139
3095954
3095955
189843
253537
183704
253540
11951815
13180433
1363117
3095951
2052513
13156646
2052514
2544720
6876603
6895218
2431611
2431612
3095952
6897738
13186159
2431131
13175144
253544
11135356
11135357
11135358
1469062
17391889
7731911
7715290
4291037
11135360
7720784
6870178
6874498
11744727
10067676
10067947
34945757
35145121
35913459
885477
2013312
35203349
4868918
4868919
4868920
4868921
11748440
62385686
10076780
10076821
4868753
13186057
11747437
11747503
11748996
11749187
17333449
4130574
4367315
1422679
1422680
35665300
11747004
68006638
34493019
13213957
13201341
13211947
55912630
13198474
36014129
17526722
41266779
13210041
35506517
35050608
34888489
34197618
36109883
17598658
13204572
34961555
55706012
10484439
9467701
6923139
1883215
13220522
11966360
35162296
9467704
6902392
6902389
6903015
6908156
9467707
9467708
34107459
6939799
6939978
9467711
34569761
34158769
9467713
35942569
9467714
9379850
67509210
9366652
9366653
9379851
35934643
6933583
4712980
35304979
9467725
71557332
9393703
9358930
9379852
9379853
9393704
72836482
9348709
9348711
9393705
4712981
9393706
10946816
34550936
34622023
9393707
9393708
9358932
9379854
9358933
9358934
9357006
9379855
28362606
58825580
68112369
66827971
71557334
9348712
9379856
9379857
9379858
9393710
9379859
9358935
34436535
35307327
34878490
9358936
9393711
9379862
9393712
12173854
9379863
9379864
12176317
12174602
12174623
12174639
12174631
13216828
9393713
9393714
9358937
733528
2073527
2073528
2073529
2073530
2073531
9348715
9393715
9348716
9379871
3757138
1985732
28551159
13218591
9366654
9366655
1977
1978
1979
68072215
66823108
72841536
2072806
9358938
2072803
9379873
3799378
9393718
75782365
41266839
34273322
9358939
2393667
3734537
2076030
2235251
9366656
13220495
9379875
35942482
34605993
66757203
35680819
36033628
35627490
3823158
13195509
2273558
3799380
3734542
3734544
9366658
9358944
9348719
6456727
9358945
7773938
56296968
3757150
16891717
34104395
9358946
9358947
16891725
7756567
9348720
9358948
9348721
6900665
16891727
34313099
13195047
2093169
9379880
72843784
13220261
9393727
2295593
35555795
3799383
9379882
34148261
12176129
35433030
66941101
67234939
6939532
6920256
34246779
72845428
16901784
35277236
72844462
36162392
13214027
9379891
13198716
9393735
13190739
34229567
13203358
34781270
35400317
4634439
45527431
9379897
13208916
28360517
9379899
9379900
9379901
35076545
9348726
13212985
66488313
67777156
13201782
62396201
149123117
13211434
7454868
55664827
190945449
57440165
77666565
71206067
71557378
60882115
183280845
80264589
35173303
66975207
35869525
34816374
34546498
34864993
56874662
36022097
35212793
13217285
35769282
57713596
35741362
72838268
12215241
12190473
12199218
3922717
13207365
13191326
12203454
146529460
36048693
12204280
12215773
12190859
35608615
35526527
6940638
6904071
34388707
67092078
926300
75188590
72842197
55834529
6913660
66462181
67330695
61240102
13219181
6914824
67540232
35768595
13194053
35565446
34569203
6934329
35909544
34783558
17737641
34817112
150186873
147217827
56862318
13219354
140527120
55658856
67457459
116074330
13212921
114857023
150207489
4452638
56138318
115091345
72839445
13207082
77093909
76736394
147121091
56114371
144744748
71537559
7772739
2393926
2235232
72839477
28360634
9357038
71559024
34332556
67859638
35120058
12529458
12664996
13207689
4516940
2076305
2064219
6938943
13218537
12525255
10946915
4711150
13196692
6908553
4713096
4713097
4711151
4711152
12525266
10946917
10946918
34953377
66841633
6929812
2064220
2064221
6456782
34150729
7753569
7771598
7754086
62401131
6456784
13191227
6456785
6928314
12212288
12205189
34071253
34185469
12525544
12528904
13207099
138730669
7747444
12526495
12529840
6926142
2206253
2893916
10484396
3918438
2206254
1569566
979353
979352
6908086
6914542
6914585
4713098
6900278
12197858
10484397
12200018
35716472
4713101
760880
57647048
55705181
10807023
35984974
6914846
7772160
7754678
10946919
13191474
35394453
13195040
6456786
7509
7744110
6456788
2235252
2235254
726830
12199110
2092121
2092122
764460
764461
10484398
41269265
34196306
6456789
7743443
7743465
7748366
10807024
10946920
34613987
149866169
2064093
67240003
7761966
4711155
7749305
6918792
12526864
73395360
34864796
2393962
58616630
4413607
2393964
34573979
6904596
13201411
12208078
10946935
10946936
12215012
13195636
6910838
4713112
13209332
35848276
34965299
66785117
140365013
6915266
10484399
13201294
10946940
34105070
62401383
13202775
10807029
6456799
72845046
9357042
67652222
9393830
6921256
35715914
13212093
34038546
144969912
6899903
141342723
34543938
6456801
9468186
9366697
56405707
71559038
13210634
13215275
13217620
2179096
72845070
17749927
13192965
9366698
7772027
9468200
34752872
9380010
9368528
9380011
9368529
9380012
34409918
34432857
2394000
9468201
9393847
9393848
34064842
9468203
9468204
13212318
9357045
9348774
9295740
2056923
2056924
9468206
2056925
6922574
9366699
9348775
9366700
6456802
13202295
13202291
9393851
9461400
17750424
13193542
10214440
13193480
9295742
9461401
9468213
6940116
6902689
17693963
6914924
6930992
9468214
6901520
9295743
9283880
9283881
9283882
9283883
7760523
35957409
9461405
9461406
57252182
36042294
4713121
9468217
7776351
4711163
7773070
9295746
72847313
17750747
7759217
9468219
9468220
9366702
7756968
9295747
9368530
2893928
2893929
4140646
2893930
742046
742047
35501037
760587
9468223
2179094
1985099
9468225
9461407
10484401
35069907
2893931
2394002
2092075
13211701
9468229
2179095
200465
200468
35037868
200474
200476
169262
13195728
200481
200482
200483
17751184
200484
200485
200486
9368531
370155
401763
390764
401754
2747054
34718920
200504
200503
200502
200501
200497
200493
200490
71559050
200489
67101035
35202262
201004
34706883
13212651
201002
201001
201000
35819751
175597
200997
200996
200995
200994
200992
200991
13194781
200990
200989
36116761
34194357
200986
34295134
200983
200981
13199772
13199906
17763089
200948
200949
200950
200951
200952
17695758
200953
200954
200956
45509595
9468248
557042
483143
510987
573179
493161
494887
200980
200979
200978
200977
169287
200976
200975
200974
200973
200971
200969
200968
200967
200966
66868086
200965
200964
13199649
188015
149855
34788973
61742093
13218875
71559054
67040724
149583087
67662114
13216117
36101351
28360499
149901
156743
156744
464312
149946
469228
469227
71537572
149947
149948
149968
149969
149970
149972
149975
149977
142965311
149978
149979
149982
138234416
71559067
149989
149941
149942
149943
149944
149945
13193295
156736
149897
156734
169431
149949
202908
175954
149958
149959
156738
149900
149961
149962
13200214
149965
203890
12173797
66529373
12174026
9357060
9468271
9380045
9348789
9468272
35949109
9468274
9468275
9468276
9368547
9468277
9468278
13218430
9380046
183244
149950
149951
9295755
9295756
10484403
4713132
4713133
4713134
9368548
149954
149955
61471148
9380047
71559070
7755442
4713135
12174753
34712084
55747925
56310871
34716816
203876
9393884
9380049
9380050
203877
9393885
9393886
9368549
56364346
9357061
9368550
1321505
2295594
9357062
16893666
2273564
1853097
35902873
9393887
9393888
3734573
9357063
13197574
3823180
9368551
203893
9393890
9380052
9366715
34166054
476167
34466819
203892
9380054
2116981
9368552
13437444
188105
2281588
34662244
150614878
35952432
35576511
34131763
112615652
35193936
203884
17711344
36078605
6932109
203883
6931858
203882
9393891
9468286
13203816
7739216
35512245
34588114
68188794
9393892
9380055
34371502
9368553
9368554
4713137
9348793
1770131
6905516
6905522
9461432
9468290
71559072
1631552
66886492
6934769
35345226
17711801
536704
4713139
6922063
2275508
9461433
9468292
4713140
1947863
4713141
34130214
9461434
1340004
9380056
9380057
1947862
6941992
4713142
4713143
4713144
4713145
3757187
3757185
1904841
1904840
2791332
9368555
9393893
868987
4713146
9393894
9468295
9468296
1225716
35749575
4711164
4713148
9348794
9468297
72846780
2622319
9295758
17774663
9468298
1150666
13205911
9295759
9348796
11552219
9468300
9380058
9393895
9393896
9393897
13197176
9357065
9357066
13201308
9393898
34765154
9368556
9368557
9380059
9380060
35227624
9380061
34505829
9368558
9393899
35098436
9283884
4713150
4713151
9393901
3173443
4713152
72846794
9348797
9380062
9380063
13217984
67297533
8180562
12332979
1150678
67878650
9348798
9380064
9380065
35781323
9295760
9295761
34832585
9380067
6901017
9295762
9368560
1225598
1225597
1225596
1150689
1225599
1233705
1071893
9368561
1233701
1233699
13195291
735765
1233697
1233707
1237875
1233708
1150692
1150693
13197633
1150696
35001169
9393908
9366717
35656932
34243448
9461443
34477097
2299029
11967137
11962305
13204012
13205211
9366718
9393909
9393910
9368563
9295768
9468318
9357067
17720293
7740487
68141011
13200462
9986596
1679732
10456362
13208096
1679709
1778511
1778508
2799077
2799079
67998226
11965538
2743555
34878803
34396849
6901575
16901846
7744788
34691223
6905391
75621300
13207345
72854513
1936365
33932084
56189111
13191786
34950484
853694
35072899
34661125
13190888
853685
56075693
34218844
853682
853681
853679
853678
853676
7752448
7752608
67340775
35030260
13217619
35016036
35744819
13198809
35353359
116406755
13214023
116537337
35017208
13213152
67981811
74525464
36092177
13213986
2232429
2232426
34546986
34871267
2232423
2232422
78264909
35883476
116511049
13201681
67381177
140427260
7766749
149045429
139582054
139410431
146918648
140041878
145097508
114051421
115499539
150814685
114807698
148584123
116740683
148545514
148092311
116358919
115174438
115092703
142332238
150530886
149432497
115174831
116520285
116303970
140619884
114741267
114847130
146674992
142395667
114060013
115967007
115385935
115307364
114741805
147374376
148397607
114146785
115531818
147406886
138092393
116380322
149236018
150298088
142735815
150292065
141425519
114627526
144965899
142880876
138910722
149142151
116708127
143400696
114357009
140264516
139059547
140955292
140385433
148546245
115166140
142535185
115817636
137876897
146252326
141917279
114224598
138949984
115374813
115383412
149754096
115896345
149702363
116508100
148950485
145108206
116567625
148682985
148466862
115325324
141615002
143857272
114406136
114882073
115938232
115267484
139747027
3130566
3132566
3094669
114046333
2596500
1131285
1131275
1131159
9266207
9266230
9266231
9266234
9266241
9266242
9266244
9266245
9266257
1894743
2523582
2523578
2523569
2523568
1800628
3130063
1043618
501942
537160
535777
68170059
9345731
2214123
12204033
12202599
17644076
12216176
9345808
7740440
2175165
1581046
1848750
1396898
7753052
2876520
9365753
77247429
9347903
9364755
9356244
9347028
7797112
10235664
6460894
3807866
3807865
7781670
1019309
1019307
6460895
6460896
6460897
6460898
6460899
6460900
12699323
12699324
10234805
10278257
2043539
2043538
17149894
6460901
6460902
1020006
1020004
11974384
11971133
7785189
7785087
3823612
12666249
10950391
3800847
1435527
1435525
1435524
11974335
11974304
10950392
10950393
10950394
11509137
11509153
3800843
10950395
10950396
10950397
10950398
76854159
150465020
6966602
6948844
6966757
6966915
7804433
7804234
7804736
4721057
4721058
4721059
4721060
4721061
7792410
7809700
13229988
28549831
13230513
12667950
5011431
5011432
5011434
5011436
5011437
5011438
5011439
3173615
13237715
13237518
12699332
12699333
12668625
3815535
2302635
2302634
2302633
2302632
7808568
12669919
1042949
3800841
14978
1054168
1054169
1468804
1468803
1060700
1468802
1468801
2356065
12699335
7797705
6969722
1548885
1548884
10281425
10236369
7805419
6460905
12699336
6460906
7791726
1990622
1990621
1990620
4721064
12699338
10235395
59082935
2522831
2522832
2247523
2371214
2522836
58104186
4730387
10231446
2402267
10245031
7807677
7796203
35895632
7801539
7801931
7794364
7795627
7795873
12154872
7796616
7809993
6965740
6466628
2193255
10242542
10242758
10233018
10270960
7788766
1012084
1861637
17488728
10250850
10266994
1477114
7789130
12706159
2193257
6466630
6466631
6466632
6964051
12706160
12668510
1548460
1548461
6466636
10272923
6950622
11978052
6971964
2158050
1024432
1024433
1024434
6950716
62471815
6959314
13221302
6966339
916784
2402273
7801876
1013278
1468183
28438696
13438572
7784849
12113919
10280709
10237233
2402295
10226992
28714277
7793280
12111806
10270826
10264984
150346963
17568511
61702433
970185
10282032
2188836
10959554
2151719
10959560
7865888
7866090
7869639
12379129
12376448
12376469
58982057
12377572
10809359
10756195
1931413
1931415
1931420
72694269
10959573
10117447
7048081
1931424
1931425
945001
10959576
10959577
11787794
11791731
55860223
10959580
10959581
56070655
10959585
12380191
7856376
7859480
12376660
72694287
72694288
12380100
72694290
10959602
72694296
72694301
2130121
11788917
1931388
12378214
10116918
7852252
10959614
10959619
10959620
10809385
4457429
72696211
10959622
10959625
11791453
11788082
72696226
10959632
10959633
10959634
1489185
10959637
1906746
10809392
1931397
10809393
9298667
2225670
55993507
10756208
72696235
7041114
10756209
10756210
10809395
7034246
901988
901989
12377112
10118338
7046663
10959647
72696245
1489184
10959652
10959653
67825352
745485
9722483
10809398
10756212
10809399
10123540
9644846
7871118
56168412
10959658
10124468
10809401
11521231
72696252
7027175
4741135
11515171
1586578
1387292
11515172
11515055
10117184
11496294
10756219
10959711
10124645
10118623
10809421
10959723
10959724
10959733
17185200
10959751
10959752
10959753
11792083
72698132
67269926
10119566
1591444
10809445
113292110
10959759
4645638
10156632
10809451
10959761
1154692
10959767
10125792
10116837
115342657
10125905
1414215
2382296
10959769
1304172
10121493
62527797
10959775
10959776
72698162
56346387
2095486
10959780
2184546
10959781
62527809
10959783
62527810
10959787
7045135
10959788
56072039
4639602
4563977
10959791
10959793
12376585
10959797
11795259
9407483
1114797
10809476
10959812
10959813
10959814
10959815
10959823
11793852
62550480
56056325
56116032
62550545
10491952
10959825
10959826
10959831
10959832
10959836
56402189
56067150
112692018
11515177
11521233
10959855
10959857
10959859
10959861
10809497
62552539
17188635
10491950
17188915
17188943
17189174
56044714
10959867
2083816
56399137
62552543
17189286
62552544
1036906
10809503
62553722
1982277
17189482
10809504
10959883
62553726
4740502
958538
12380369
10959890
1154740
11794780
10809510
12379521
72700206
17793834
10959905
62553730
62553735
10959913
62553745
10959915
17794133
72700208
10959919
10959922
10809514
10959925
10959926
10959928
10959929
10959930
1348385
1348384
72700218
10738243
10809523
10959932
113890924
10959937
10959940
10959942
10959959
10809527
10959973
10959978
10959990
10959993
10959994
10959995
10959996
10959997
4618798
62555822
72700237
4617256
4617257
4395985
10809532
10959999
10960000
10960001
10960002
12375481
12378186
72700241
72700243
55945571
56381011
55734208
56169972
4621919
4562429
4382565
4413878
4524892
4506321
12376228
12376233
12378986
62551573
62551574
998426
62551575
10960003
17817339
72700253
10960005
10960006
10809535
10960007
10960008
10960011
10960013
10960014
10960015
10960016
10960017
10960019
10960020
10960038
10960039
11515058
10960067
11515059
11788960
62553389
62553390
10960103
10809559
55833444
56318386
62555663
1487500
263645
2632542
387621
431528
413550
2815186
263568
166418
263573
263575
263576
263579
263580
263583
263584
2694058
2632544
393488
4626698
59283172
12057031
73474148
59736508
7030813
3824344
1329572
62533744
62533745
10973193
10973196
10973197
112837227
12377062
67777578
62535668
10973207
10973209
62535670
62535671
10973213
10973219
10973221
10973222
10973223
12376809
10973224
60982236
56401530
57951651
62535706
10973228
10973229
2068020
10973232
10973233
17486962
17486983
10814512
12380367
10973240
62535712
10814514
10973242
62535713
62535714
56916153
58319849
10973245
10973246
10973250
56083943
60703636
4526442
10973257
2029646
10973259
10973260
61637412
62535721
10973263
495304
10973265
10973269
67144625
10973272
10973274
10973275
4304407
10973282
62533797
10973285
10973287
10973288
62533798
58265246
62533801
62533802
3802420
10973291
113380075
10973300
12378217
59849435
10973303
72737789
56121711
10973308
72737794
1888286
10759878
10817969
2418449
4629949
10759879
10759880
10759881
7856424
10759882
1928984
1928987
11596214
11599236
9787523
3896224
731163
2451466
971527
11192191
2451462
2496028
10884051
2496014
7900775
1027190
1021363
1021362
2491381
2491376
2451497
2496022
2451499
2451500
728423
1961639
1352653
2496024
2496023
2932558
2491373
923546
2932559
7906067
1826169
7068414
7914784
1404785
7907899
7912102
7897270
7915656
61867321
61867322
10509777
7068171
7068586
1586662
7073438
6584630
1565425
1565424
6584631
7901022
56693513
2007698
868009
17775021
4598601
17775106
7912437
7896186
7896463
7901032
6584633
1525388
34303669
61867341
11596606
12246611
12246569
11192230
60551150
6584635
17117923
7086782
7068754
2177741
1464870
7903869
7085496
198457
11021131
11021132
12271760
1903844
1903845
10831340
1000061
1000062
1532547
1903846
6483414
6483415
6483416
6483417
12799111
35790407
4753182
4753184
12275597
11021284
1499189
11021331
3862367
3862368
12797798
12795125
12801588
11021438
12279922
10831517
643566
634279
1603897
643304
316087
316086
614116
645327
61902997
316085
652659
568109
316083
653421
11021644
10160510
632604
681820
682290
589675
10437581
655869
591893
316097
584412
604179
316092
514641
661177
594561
582994
585473
585423
504183
598758
601882
68129285
488006
316090
650222
584552
658708
643340
642078
630573
629600
640211
664731
7927616
3016248
12798740
621230
573912
687767
686845
647669
648702
614868
528637
584784
613460
493306
538601
573060
633748
643216
655683
557505
558249
669480
602040
591799
608783
561940
612781
624913
598134
597462
538955
674437
572735
546980
604551
627387
496939
538945
651890
1150313
564567
516476
604846
677483
677976
561512
567990
534815
537635
524874
513762
492612
663903
648826
631861
7482675
7478753
7117646
12291184
12293858
12270599
7358491
10765819
4517513
10831546
10765820
10765821
12283766
10741298
10765180
10734119
7127754
10765181
10765182
4753209
4753210
4753211
10830199
7929619
7932640
10830200
10765183
10501696
2226563
4753212
4370938
7126679
4505064
36006427
4497414
10430814
7125164
10430815
12224116
7114254
10830201
10741299
7108722
11018434
4611203
17791976
7931721
11018440
11018441
10830204
11018445
35950576
11018449
67346219
12577012
34749698
7929744
12365909
7127487
11018458
10830206
4121738
11018463
11018464
11018465
11018466
1942490
11018467
3921012
11018468
10765184
10830208
61903389
7944714
7941957
11018471
10765186
9665831
9665832
4121733
10830209
1942496
1942497
12804807
7925102
10765187
11018479
113279829
76246795
2156123
4420272
4623905
10830212
7480884
10830215
1942484
12363323
12363640
1942486
11018484
10830216
7925346
17792911
4121729
12363510
56201508
28437494
10830217
7103137
10830218
10830219
35486674
11018506
10830220
4121744
7342208
10830221
4315072
4519092
10765191
11018510
11018511
10830223
10830224
4255542
4397857
10830225
4309163
11821161
61903411
35016324
35148124
61903412
10830227
10830228
4081455
4998767
67279079
10830230
11018515
2212751
10830231
62858761
7108473
7127661
7124483
10830234
7947287
7950415
1942481
10765195
11018519
10830237
949539
949537
1942498
12421727
12795279
7949891
1042602
12270717
621313
11018522
17793678
594647
72963135
574028
12285584
10830239
10830240
12286618
11018534
1939252
11018536
4753214
10765198
11018544
7358418
7939929
12365043
11018545
7940368
10765199
10765200
10765201
7358330
7933594
11018546
12295166
4601783
11214603
6277
2734839
2734838
2734837
1107162
1800498
2234690
2587548
2734833
11608185
12808482
1076563
1116313
12798900
7131627
7131440
7131465
11214605
17601612
4245146
4245147
4936271
4936272
4274224
7948028
4337071
4630328
11601054
61902787
61902807
7110440
35277073
7121986
6589377
7929453
4245150
17602038
4938021
4936275
4936276
61902811
7934649
61902812
6589379
4938023
7111031
6589381
7949802
4479021
7107293
4534613
35738585
34216353
4245154
2514218
3133388
4309187
4761839
11610143
11612312
61914045
10507396
41292151
1606182
4943195
9571287
148471044
73172830
9540653
9540737
9529119
912609
113762004
9529218
9541200
9541291
9529314
35655684
73172855
4245373
12428887
12427851
34791086
1511575
73172877
73172878
9542300
7986671
7982806
4943272
9542729
7332089
9530024
1924817
7336582
1924820
7332406
9530139
9543234
728930
877103
9543390
7990820
9530264
1028750
7993050
9315121
9543606
1397890
7984170
7998271
1606180
1849167
2203090
7334532
9565173
9543985
7994976
9544036
4941810
4941811
2313819
2025727
9544399
10870651
9544429
9544436
9315123
9544560
4943306
3761871
7991258
7334101
1028748
1028747
1028746
7339288
1060709
912604
912603
2056445
2056444
2056443
13080
4057
1409379
4943314
1397891
967516
9545125
7999260
4943321
4943322
4943323
4943324
9530946
7989071
7989252
2313820
2102562
7983430
4943341
4941819
9601445
7329543
7322066
7335313
4943351
1590571
1590570
1326309
1326308
1326306
9593648
7328774
1409380
9596774
9596775
9536381
9527059
9805634
9536383
9536386
508502
55810038
8011321
11157240
11157241
4356390
7148091
12431444
61990286
12589043
17781288
1609735
1950834
61990288
1111179
1111177
61990289
1950835
1950836
1137567
1956450
1950838
10483526
8007172
8013655
6572099
72684563
8003822
8015100
8020581
1950829
1983711
1950830
1950831
712405
712406
712407
118064958
1900599
10149052
67505447
8009571
2121708
10150353
1597053
8006276
8008204
8007820
11628299
8009740
8010939
10139031
6572106
10138108
1597052
2415688
10140527
10131184
11157247
4904738
1597044
10132715
11846556
7146404
2038362
4904787
7154241
1992852
1992851
7146838
11621186
12434356
7152906
9441
1045430
2302832
7145575
35591392
11629369
12587457
17782683
12889955
12434646
7147721
7141254
35641442
12435583
10143492
12431412
12889665
11159099
12896861
12891131
2359237
6574194
12588874
34956813
888413
7153700
10139018
957345
12588415
2884668
12432026
8016389
8021280
10144023
10138360
10148293
973879
11159105
7144654
7150254
4899536
3759575
3759577
12436956
12436759
34251103
6575982
7149767
7145753
7144010
4243738
4243739
7156471
12431617
7147640
4906320
7159668
4906322
7148567
6575985
975892
35512556
35233301
10144051
6575986
35410438
7144271
10148970
7140647
17841064
34411783
6575988
8018400
8003740
60235428
8016676
7156036
6575991
7146215
2273702
2403174
4906324
2273701
11160751
12894652
12588272
7148614
12436729
12432803
10162425
1116095
8010247
8015429
8014013
4906329
55742283
11620897
57344120
8014800
11627446
55658071
34831235
12878548
3783399
12435516
4143998
1138400
4900580
2756135
7147664
9671414
2756132
1107070
2765051
2403192
2756128
2765049
11848796
2765046
2023395
2756122
2071408
2071407
2756121
2765042
2756118
754287
911555
911554
911552
2756127
2756119
2403193
61996704
942866
10149470
10141157
10129426
752624
942862
11625397
2296483
9652403
55825782
7142016
8007489
12435399
28798508
12897511
28823639
7161125
11626589
4383078
4464019
4444269
4374097
745079
8021368
8006526
8005540
11848721
61995761
4906340
4906341
7155511
7157116
4318144
12879004
4906342
2896488
2403202
8020099
4906348
4906349
3759586
729437
1054080
3742463
3742465
11850979
8021904
8007915
8008451
2896489
35015260
11160756
10047805
2403203
4900586
4906355
10131067
4906358
8003289
4900589
8702
861547
861545
861544
861537
709399
861530
8035777
28541419
6498457
4997735
2097287
2105842
7195634
12927595
7200727
12933611
4781528
4781529
12919797
3916993
7186763
2866725
4780534
62035097
35871163
35743204
35113202
2051545
16962629
35951344
12599526
12933148
12448623
12596988
12445122
4780537
76728858
12933395
2097289
2866726
2866727
2866728
4780539
35572675
17199422
928975
34558857
12926421
12927821
34020413
12932870
1573634
12919291
948537
948536
7506216
7244667
1557341
1557339
1539853
12607755
11877758
12967855
62081464
11082011
80035064
12969480
9953231
11665070
62081465
12959642
17570353
4799949
7243428
7243439
9955296
9964724
1557343
1941954
8096815
72893182
7237475
12967741
6507210
12956949
7505519
72893190
72893192
7232972
11664242
12962050
72893199
55731231
4799461
11663393
112629201
4459619
62099183
56327309
4494619
11659803
5020052
17486305
17408393
17487256
7232543
7233123
17487277
62099230
7230285
7230446
17487484
2069191
62099231
10221371
8084351
8084280
3794923
62099232
60939828
62099234
62099235
62099236
7227069
62100765
62100766
62100767
8086812
62100769
112633410
55906054
62100771
62100772
11663824
4632195
17488316
7243008
1367638
57841322
17488531
17410557
56027651
17411339
62097985
62097986
62097987
17411548
11082975
62097989
72925341
11877505
1431196
4940252
62097992
11873021
62097994
62097995
62097996
1346914
11662416
2047914
2043145
1979914
17503448
1504746
1367635
62098012
62098013
62098014
8091083
11664320
62098017
7237127
62098020
4405620
17412636
56030110
10502971
17412782
62098022
1504744
62098023
7227402
62098042
62098043
62098044
62098046
17504372
62098047
62098048
62098049
11665242
35509548
12970424
12956208
2311117
8093506
7236320
7236335
7243785
6566870
6566871
11152003
12457101
12457761
12968302
12965081
8092503
8089801
11152005
2009198
12966541
12960257
8085272
12970682
12956220
12957162
1965662
62091461
62091462
12969167
2871673
12606230
12606265
12959833
12960467
1819886
3764515
3764513
3764512
12964118
12454336
35413162
1833281
12456002
12456067
12457718
12457769
12454204
12456731
1833282
12961598
4128242
4131791
4598994
4309482
11874716
35360904
12458228
9964176
12966052
12969453
12966547
4801131
11875348
12962538
9953930
8093489
4801146
4800986
9954765
11665450
62092388
1942569
12150703
11152272
9950768
1788025
1348047
1788019
3794891
11152363
12607679
3794889
4801149
4801150
1020169
7238888
7235757
2958178
17522826
2958165
2958175
2958186
2919446
2958161
2860511
2958162
2919450
1440477
2958166
2958169
8098843
4374254
9320016
4524013
4500831
7229456
7240481
12967143
12963334
12963463
12958048
4801153
12969536
12969553
4801154
4341827
4468713
7228159
7236656
7231748
10503002
1452789
1452788
12606995
188225813
732779
9966430
2924321
3760600
2924328
1377243
2924329
7233312
2958182
2924336
2958188
2060886
3017183
1452787
72627232
11665567
6650631
143283559
151286028
71367544
34945223
71367545
11663602
11664298
7236339
7238071
7241572
3746522
12624433
9074
13037326
6074012
2425752
4578918
6131010
